time,x,y,z,phi,theta,psi,x_velocity,y_velocity,z_velocity,phi_velocity,theta_velocity,psi_velocity,rotor_speed1,rotor_speed2,rotor_speed3,rotor_speed4
0.06,-3.01901753521e-08,-7.93359167078e-08,10.0021151181,6.28303149726,3.87956077201e-05,0.0,-2.93002454044e-06,-9.59860727438e-06,0.0705015588455,-0.0082593236957,0.00190950258059,0.0,428.29104785943565,428.45337865356413,426.85521629171313,426.14998468953854
0.12000000000000001,-1.32273066216e-06,-5.17708079795e-06,10.0077929145,6.28272478057,6.28298361449,0.0,-3.79050271833e-05,-0.000197563400445,0.118754046126,0.000538099044358,-0.0197553726254,0.0,420.836717955517,418.95765052400515,420.061428630825,420.8235755763746
0.18,4.87181926336e-06,-2.63518902199e-05,10.0185250555,6.28306668166,6.28220665301,0.0,0.000344641553606,-0.000486925363912,0.238965690671,0.0144146312618,-0.00197285045025,0.0,442.4142420147435,443.8758023415004,442.8674022404119,444.0070312507679
0.23999999999999996,4.55647101473e-05,-5.48143931296e-05,10.0351973214,0.000463960902368,6.28207359855,0.0,0.00102417517285,-0.000388180755335,0.316757531668,-0.00192488417235,-0.00271160486858,0.0,429.4094193443095,429.3468031129254,431.0501983888692,429.66731558250757
0.3,0.00012898072133,-6.95619274589e-05,10.0558930689,6.28316775205,6.28205659813,0.0,0.00176454554235,-0.000127888072172,0.373083550292,-0.0244568549454,0.00417799433484,0.0,422.5934446129057,423.1868088577642,423.94631335227007,422.0062518491706
0.36000000000000004,0.000258491477903,-8.27119109307e-05,10.0831228305,6.28240222262,6.2828358994,0.0,0.00249059648248,-0.00042701888612,0.534512984322,0.00392414364536,0.0264684120898,0.0,455.48327782512655,457.262081068711,454.7821929420869,457.04945966894
0.4200000000000001,0.000408924053139,-0.000122002868336,10.1159147668,6.28245908434,0.000838510991353,0.0,0.00239297913376,-0.000868692072339,0.558539913755,-0.00579243470572,0.00109545437239,0.0,414.57637632875975,412.34130755837924,411.762607653953,410.90224357591467
0.48000000000000015,0.000530524032348,-0.000192595658583,10.155155036,6.28213041118,0.00207487936914,0.0,0.00156744170864,-0.0015233449162,0.749362938535,-0.00485606633029,0.0441667919349,0.0,463.4756328655945,466.84807438477367,465.1516321898516,465.2250403874926
0.5400000000000001,0.000563307474474,-0.000310111983799,10.2062069894,6.28203225661,0.00500320189208,0.0,-0.000802807198389,-0.00241574765486,0.952220742292,0.00413170173509,0.0567584744381,0.0,468.64910226548096,469.6279745852418,468.5098128639512,469.2080326471227
0.6000000000000002,0.00040919044125,-0.000475954926619,10.2645026136,6.28217041063,0.00820553310824,0.0,-0.00464224658598,-0.00309411655117,0.99093186672,-0.00163288691814,0.0455568451685,0.0,418.4247254369853,417.45057705434397,418.1941641044697,417.6917559132345
0.6600000000000003,-0.000105401427432,-0.000689331807573,10.3334109191,6.28158712713,0.0107440127909,0.0,-0.012862089284,-0.00405097748144,1.30570336264,-0.0353997799585,0.0348584456852,0.0,502.0932307640249,501.3173000116544,502.39336191320194,499.9394122559665
0.7200000000000003,-0.00115137133945,-0.000981542953776,10.4187288771,6.27930437479,0.0128691917561,0.0,-0.0222567476164,-0.00595592736128,1.53794193674,-0.0439452060775,0.0365188414799,0.0,478.84548280222555,478.9722114038258,478.80596712790475,478.1548687993146
0.7800000000000004,-0.00275261422877,-0.00142648291447,10.5133777371,6.27654539228,0.0149074589414,0.0,-0.0313262430693,-0.00914134129718,1.61690719844,-0.0504050831189,0.0283161220041,0.0,433.5064781220884,432.8172270943529,432.20472849097973,431.65865924678246
0.8400000000000004,-0.00494366856216,-0.00212186860606,10.6131544502,6.27365206094,0.0171079825769,0.0,-0.0419072378995,-0.0143351236067,1.70884446507,-0.0441806713032,0.0496116047858,0.0,435.9909443013812,437.76702182473696,436.7555082497764,437.27281795754914
0.9000000000000005,-0.00785808955429,-0.00320902525919,10.7206784832,6.27101482256,0.0197868361193,0.0,-0.0555545383545,-0.0221963311689,1.87502301074,-0.0435045199814,0.0321951216088,0.0,459.9410645644899,458.5607684821465,461.2650904579428,461.31746651094403
0.9600000000000005,-0.011694675492,-0.00485680067829,10.8404868561,6.26828355555,0.0219535950082,0.0,-0.0725768750071,-0.0330526537265,2.11816133127,-0.0498931149452,0.0429773179905,0.0,483.43870639346085,484.2508606911774,483.44895513739783,482.9663461811309
1.0200000000000005,-0.016471399673,-0.0071307883093,10.9687318043,6.26524747695,0.0244655057385,0.0,-0.0868822499283,-0.043025711861,2.15658757234,-0.0520561681118,0.0395432783508,0.0,421.63265446664786,421.33692602064866,421.5267790481792,421.33804299277995
1.0800000000000005,-0.0220983550327,-0.0100197830266,11.0970812081,6.26234710102,0.0269570375295,0.0,-0.100884483743,-0.053521624196,2.12178035537,-0.0417875466207,0.0452203793143,0.0,395.91285446996596,396.4359728468267,396.78859969372394,397.72838292359484
1.1400000000000006,-0.028638881122,-0.0136090587629,11.2244670328,6.25967258315,0.0297875281082,0.0,-0.117376129428,-0.0663469763398,2.12439556482,-0.0508303555606,0.0508211264305,0.0,409.6100682138338,410.1093605483729,409.590571385216,408.78424017367
1.2000000000000006,-0.036371965559,-0.0181373444051,11.3570085105,6.25668825752,0.0325683164324,0.0,-0.14071303129,-0.0849261851489,2.29330930101,-0.0476410741804,0.0354250347082,0.0,463.85586543943117,462.64643364337593,462.01054929794,462.26047580839696
1.2600000000000007,-0.0455921303516,-0.0238688887879,11.500483513,6.25404694413,0.0353013491448,0.0,-0.166900929771,-0.106432385595,2.48876435876,-0.0376220259362,0.0605402133315,0.0,470.7982002873998,472.7383493336975,470.50334680063855,471.27735749982315
1.3200000000000007,-0.0563991640277,-0.0309057842746,11.6541709635,6.25189655643,0.0387272386526,0.0,-0.193706898801,-0.128360067663,2.63380220129,-0.0324951455827,0.0491327594735,0.0,457.9669733156929,457.06085930727426,456.4389700174639,456.8473960686459
1.3800000000000008,-0.0688232651631,-0.0392520955183,11.8149083642,6.25016788568,0.0411081180301,0.0,-0.220707558866,-0.150027398461,2.72387850713,-0.0223090239014,0.00321295451487,0.0,442.60778320704816,438.81298642991896,440.33896305202074,441.1805256138266
1.4400000000000008,-0.0828351612795,-0.0488749859202,11.9793513082,6.24899964207,0.041276229855,0.0,-0.246369898567,-0.170848211881,2.75746335422,-0.0143257001387,0.00196668519491,0.0,423.09218446146406,422.98481498916453,422.56995649500664,423.2575930412484
1.5000000000000009,-0.0985291081752,-0.0598822642793,12.1491518607,6.24768990156,0.0420578996146,0.0,-0.276803458583,-0.196158729256,2.90218682735,-0.0443406638123,0.0290413983905,0.0,458.17270950170814,460.3201461702651,458.6920216274762,456.30206168863765
1.560000000000001,-0.115946405405,-0.0723378769448,12.3246704845,6.24500200585,0.0435886314472,0.0,-0.303924169249,-0.219275542085,2.9482935916,-0.0457292399084,0.0173074628826,0.0,428.5003420441572,427.5018089280511,428.2853513270561,428.16599534614954
1.620000000000001,-0.135072632944,-0.0862803224859,12.5041997744,6.24224797468,0.0443050156916,0.0,-0.333699070268,-0.245739218565,3.0357651267,-0.0462451882372,-0.00185595998269,0.0,443.14172166208556,441.56354702032587,441.0718460693418,441.0279789722274
1.680000000000001,-0.156082867259,-0.101948019696,12.6909343837,6.23940391905,0.0440943366439,0.0,-0.366608126985,-0.276808833835,3.18828755055,-0.0498180005262,-0.00704679241689,0.0,462.6965595008435,462.2877846122892,462.3183185653885,462.0354591123039
1.740000000000001,-0.179103284079,-0.119585416383,12.8877457193,6.23611712915,0.0438268361038,0.0,-0.400679152059,-0.311437381787,3.37154274322,-0.0672234444511,0.000272409885323,0.0,472.8164944035499,473.38013458779835,472.4103917457314,471.0644360566499
1.8000000000000012,-0.203895819268,-0.139088163718,13.0894339132,6.23259262432,0.0441856440998,0.0,-0.425760958458,-0.338972561266,3.35143122714,-0.0456597302153,0.0154710089851,0.0,407.6174241831042,408.97339595398694,408.9140077424233,410.82763799598104
1.8600000000000012,-0.230370214081,-0.160491161781,13.2936833301,6.23083078548,0.0452534034998,0.0,-0.456810048084,-0.374664795979,3.45654197931,-0.00836704719217,0.022081514702,0.0,449.30210844409874,449.83767667661414,448.5161059446994,451.5342898856537
1.9200000000000013,-0.258858600561,-0.184211666062,13.5070182221,6.23007322523,0.0466251529618,0.0,-0.492934159668,-0.416058997076,3.65398422836,-0.0229049954589,0.0243802474589,0.0,478.1077968997648,478.28290691656616,479.02129034771315,477.91456942349583
1.9800000000000013,-0.289405480579,-0.210275397567,13.7291550988,6.22855724255,0.048491283955,0.0,-0.525454274786,-0.452862632847,3.75023552503,-0.0304647185993,0.0419666503317,0.0,449.14430026333764,450.5687288301174,448.6587443072498,448.0444016206041
2.0400000000000014,-0.321954993744,-0.238589907429,13.9572448722,6.22723897615,0.0506302639385,0.0,-0.559758003603,-0.49109369321,3.85237874011,-0.00887118521472,0.0183847929393,0.0,453.39030418948244,451.4920786992871,450.0178334494318,451.7623699424666
2.1000000000000014,-0.356578839347,-0.269193728548,14.1909736149,6.22730979501,0.0526283405969,0.0,-0.59452303739,-0.529037411525,3.93826013354,0.0160914712117,0.0530919893384,0.0,445.4629916699208,448.2926793548473,446.8639778717731,448.8943762827263
2.1600000000000015,-0.393235967455,-0.301963839505,14.4279737518,6.22793517698,0.0556975318372,0.0,-0.627663210413,-0.563222672565,3.96163538758,-0.00441994720744,0.0469641515929,0.0,427.8861514521778,427.3658930487241,429.36570955419165,427.6217790587693
2.2200000000000015,-0.432273695163,-0.337108575161,14.6723360873,6.2273227393,0.0587241921768,0.0,-0.673903857847,-0.60827501971,4.1829412741,-0.0254769393051,0.0566247495536,0.0,487.82335300619764,488.5455829105049,490.23606153589805,488.66894385170434
2.2800000000000016,-0.473807697365,-0.374641720368,14.9239936076,6.22557932079,0.0627871820005,0.0,-0.71090355235,-0.6429736633,4.20550589177,-0.0374004342401,0.0837565813665,0.0,428.49746531197866,430.80141752078003,430.6241093101624,429.6139024145322
2.3400000000000016,-0.517719095463,-0.414361393175,15.1782082023,6.22379946384,0.0673689918064,0.0,-0.753266785419,-0.681193399182,4.26800865067,-0.0174959524824,0.0544130431146,0.0,444.75605020064717,442.35033649847855,441.70562004956486,443.3438742705741
2.4000000000000017,-0.564356649779,-0.456493510012,15.4376352967,6.22235487573,0.0701601660088,0.0,-0.801615814504,-0.723311215831,4.37907823025,-0.0424063300634,0.0219650057826,0.0,459.4105952622937,456.83139020489136,460.4320571900971,458.4567244093469
2.4600000000000017,-0.613861070197,-0.501113986188,15.7024873212,6.21975371399,0.0721895519511,0.0,-0.848687066959,-0.764274017115,4.44899086544,-0.0453153811386,0.0506694791558,0.0,445.3531488713607,447.6954750604575,447.646985266787,447.4091431746065
2.520000000000002,-0.666554261911,-0.548517968256,15.9758676947,6.21925450324,0.0757158480018,0.0,-0.908087942228,-0.815948533761,4.66275318816,0.0247528233387,0.0713917151511,0.0,489.72193618513603,491.2629975444879,488.5573224357016,493.7540822741158
2.580000000000002,-0.72243403783,-0.59863260525,16.2559637864,6.22087741273,0.0801889487763,0.0,-0.954960980185,-0.854403765646,4.67368364703,0.0312837409727,0.0802189190265,0.0,430.96560314644523,431.7156694103781,430.06841631074167,430.6214979079326
2.640000000000002,-0.780976950833,-0.650848236637,16.5338495454,6.22276869362,0.0854084365631,0.0,-0.996878650832,-0.886004640133,4.58946835376,0.031992287536,0.0979180304355,0.0,398.17561922639686,399.79884062928016,398.59354189931736,398.6587759760076
2.700000000000002,-0.842405102074,-0.705131791968,16.8099859391,6.22487081393,0.0911239867671,0.0,-1.05124845476,-0.923263687349,4.61489972287,0.0405149087404,0.089331347236,0.0,435.3551041800905,434.64386588767786,434.9796882652987,435.6934578216128
2.760000000000002,-0.907229274513,-0.761630374903,17.0879521608,6.22733938295,0.0964126777485,0.0,-1.11004071669,-0.95979486607,4.65042207368,0.042369628499,0.0856613063623,0.0,439.01813345252606,438.7200324794334,438.65130456861687,438.8062341397937
2.820000000000002,-0.975523211954,-0.820186585328,17.3664295426,6.23014688494,0.101253802308,0.0,-1.16686116746,-0.991864654279,4.63216542743,0.05442262333,0.0682000534732,0.0,422.8044651165643,421.3027133419673,420.7701731870471,421.81389198848274
2.880000000000002,-1.04743007621,-0.88068164037,17.6449954288,6.23339425364,0.105453010571,0.0,-1.23040820389,-1.02434884944,4.65321594475,0.053516583142,0.0733384601521,0.0,434.2680239063398,434.70272598748653,434.70731684210597,434.6333938016216
2.940000000000002,-1.12290596969,-0.942919286215,17.9217822662,6.23685382966,0.110149077897,0.0,-1.28584344464,-1.05001443164,4.57328231811,0.0648685397217,0.0866454389404,0.0,400.3170351889297,401.53180539234154,400.260178898912,401.29478732568646
3.000000000000002,-1.2022865593,-1.00685034755,18.1982644564,6.2403923168,0.1154413279,0.0,-1.36066405197,-1.08065310509,4.64241950015,0.0433259428078,0.0911504212811,0.0,449.0679426188326,449.4396282537421,450.9808081074306,449.23947592961684
3.0600000000000023,-1.28645741055,-1.07262679375,18.4805319351,6.24289984171,0.120981119153,0.0,-1.44555860101,-1.11161210136,4.76586283276,0.0385338710466,0.0945885499171,0.0,466.12782959475857,466.4032047407707,468.27953797688093,467.9074163392152
3.1200000000000023,-1.37552230927,-1.14010562062,18.7675707923,6.24541060041,0.126236566954,0.0,-1.5237728388,-1.13746094507,4.80183138287,0.0477592553146,0.0674862763511,0.0,442.17140752447426,439.93885775887213,441.2254402377269,441.98746321342037
3.1800000000000024,-1.4695505037,-1.20913938368,19.0581136239,6.24837150358,0.130905484804,0.0,-1.61090555525,-1.16337279935,4.88247400042,0.0523499734985,0.0930272488131,0.0,454.759764068475,456.80575261670526,455.9150409037481,456.28317456821475
3.2400000000000024,-1.56929504832,-1.27976948562,19.3563876946,6.25122529975,0.136603268623,0.0,-1.71445700966,-1.19060419889,5.05905884616,0.0356767510567,0.0985754166974,0.0,485.94856271806265,486.3711263144528,485.86104798433576,484.6103563031296
3.3000000000000025,-1.67532119183,-1.35195885574,19.6647482991,6.25314284878,0.142887708994,0.0,-1.82033194233,-1.21546566843,5.21871368513,0.0232356023324,0.114853946698,0.0,482.2493481184366,483.4860389810144,482.84885985444106,481.90951977101605
3.3600000000000025,-1.78739847147,-1.42550923839,19.9795672508,6.25455514235,0.149820194615,0.0,-1.9162055853,-1.23607737935,5.27479374074,0.0241366395172,0.116880887129,0.0,453.8055253081326,453.9798448536732,452.3811029794998,452.4537081393156
3.4200000000000026,-1.90493048839,-1.50018911497,20.2948646345,6.25556123368,0.156906500113,0.0,-2.00213884522,-1.25315722844,5.23512068085,-0.00508277652125,0.120445336578,0.0,422.16293427176686,422.48375811312434,425.24495452156185,422.73407943561654
3.4800000000000026,-2.02857467589,-1.57602869714,20.612988495,6.25485323709,0.163918768897,0.0,-2.11999863124,-1.27485915579,5.36811004322,-0.0307045040663,0.108551322939,0.0,477.59428188935567,476.6972553130081,479.0913010773251,477.13901013601685
3.5400000000000027,-2.15890462793,-1.65309889758,20.9358229043,6.25345567583,0.170513227209,0.0,-2.22491564377,-1.29428591629,5.39266999757,-0.011533383098,0.112488750867,0.0,445.7093248981752,446.0416788946167,445.5585694945568,447.12334496144376
3.6000000000000028,-2.29573785217,-1.73137080952,21.2605665692,6.25310063292,0.176731042232,0.0,-2.33678178005,-1.3148188568,5.43166764582,0.00344531150339,0.0728221164081,0.0,453.63883630598565,450.45024498379786,450.29616749967374,451.50655623814686
3.660000000000003,-2.43928362177,-1.81085987299,21.5869827912,6.25368546082,0.181671038941,0.0,-2.44850296349,-1.33478011377,5.44857338559,0.020052585411,0.0966244243388,0.0,444.60080285670574,446.5523487755103,444.4585255089728,445.81770232182953
3.720000000000003,-2.58935861671,-1.89149085511,21.9128973529,6.25482276389,0.187730233881,0.0,-2.55453376733,-1.35283292235,5.41517571864,0.0166644956946,0.108524427981,0.0,429.3397001782898,430.3574803568665,429.56790968018925,429.2804121373306
3.780000000000003,-2.74648331939,-1.97327296798,22.2397974057,6.25615197531,0.194568732604,0.0,-2.68355448744,-1.37311730703,5.4808642752,0.0313367007391,0.123097425642,0.0,460.83920765716164,462.00081852359773,461.17877350767753,462.33643610703325
3.840000000000003,-2.91159130766,-2.05625761167,22.5710883882,6.25756483187,0.202642783472,0.0,-2.82074333117,-1.39285916435,5.56140759247,-0.000447194411924,0.150999718055,0.0,466.01254206522304,468.20410966025855,469.11672713339726,466.64177448581637
3.900000000000003,-3.084439544,-2.14032435742,22.9039555156,6.25769574326,0.211566566223,0.0,-2.94164312576,-1.40936368863,5.53392500313,0.00698056436312,0.143758717612,0.0,434.6681558914795,434.0820798978631,435.0385903237638,435.6601860710272
3.960000000000003,-3.26453261887,-2.22535927645,23.23436539,6.25802171848,0.219942981695,0.0,-3.06220035063,-1.42511130275,5.47964045894,0.00214242751527,0.12965697762,0.0,426.94366869954814,425.75742108955586,426.77324248254956,426.359904122773
4.020000000000002,-3.45295319814,-2.31144168934,23.5657056488,6.25834253941,0.228485041625,0.0,-3.21921043276,-1.44426646214,5.56414201584,0.0110894306751,0.160061914459,0.0,470.3595961849979,472.72581822721327,470.4659239656075,471.15819872987026
4.080000000000001,-3.65093076493,-2.39866001375,23.9018390736,6.25928412113,0.238626486293,0.0,-3.3809132296,-1.46291906352,5.63937416097,0.0235963777098,0.182668520088,0.0,469.30050629829407,471.07746974783686,469.81425940662905,470.7830668198919
4.14,-3.85747976698,-2.48684749509,24.2369374567,6.2605539294,0.24990310596,0.0,-3.50497656243,-1.47658239823,5.5306510185,0.0157903854876,0.19681202971,0.0,411.100673462711,412.3894427827375,412.6713429492136,411.98158330324463
4.199999999999998,-4.07195403994,-2.57586566602,24.5666514546,6.26105698123,0.261853657181,0.0,-3.64515311967,-1.49063504695,5.45960696386,-0.0136531327446,0.203520892564,0.0,425.3287248700599,425.9437182669176,425.60258772463584,423.0744006601276
4.259999999999997,-4.29548252442,-2.66576112354,24.8936902673,6.25968663766,0.274135678582,0.0,-3.80682337916,-1.50595226171,5.44109592766,-0.0565184032932,0.20695693005,0.0,443.08475254665444,443.4084495125229,444.7909098588448,441.2652860894157
4.319999999999996,-4.52876837725,-2.75659250365,25.2189621177,6.25619760778,0.286659406087,0.0,-3.97040039361,-1.52202548262,5.40076176471,-0.0616310614963,0.212050319488,0.0,437.2231723594345,437.6910022769313,437.3225020124924,436.8939185891311
4.379999999999995,-4.77370032805,-2.84859427848,25.5471556591,6.25246368342,0.299403699862,0.0,-4.19507569293,-1.54505095698,5.53732308185,-0.0634614617592,0.213103546432,0.0,494.1472805059618,494.26443068247977,494.1853320575862,494.04800514556143
4.439999999999993,-5.03178049329,-2.94199308563,25.8814352625,6.248252677,0.31209508378,0.0,-4.40863728241,-1.5685829346,5.60397827959,-0.0890928456152,0.208164723857,0.0,476.72567520089103,476.38884791745045,477.3412043621181,475.37710189638375
4.499999999999992,-5.30036089703,-3.03660332746,26.2116905671,6.24361905288,0.325138987343,0.0,-4.54507668553,-1.5853849827,5.40482983047,-0.060378425543,0.231355497685,0.0,387.4946783498796,389.72262273969307,387.4603437469268,390.1452954199314
4.559999999999991,-5.57914043235,-3.13248769961,26.5353357302,6.23971635218,0.338572729466,0.0,-4.74866767136,-1.61103993163,5.38240298155,-0.0765530319099,0.201669519589,0.0,451.3158360425666,448.96092432279966,451.88989553265566,450.58070469800776
4.6199999999999894,-5.86941374673,-3.22985647633,26.8548177538,6.23516134056,0.351398108499,0.0,-4.92812640558,-1.63489346181,5.26664733837,-0.0746746543674,0.230815791482,0.0,419.700879520469,422.27037180442534,420.62732147804525,420.7851083366465
4.679999999999988,-6.17098437395,-3.32875968883,27.1681326584,6.23052306603,0.365547355996,0.0,-5.12532540368,-1.6621893847,5.17653657372,-0.0831612043938,0.244297991109,0.0,431.42574569493763,432.6197794148254,430.0343659805395,429.30969834779097
4.739999999999987,-6.48675909734,-3.42966297396,27.4814614152,6.22572537255,0.380226019203,0.0,-5.40159810494,-1.70164236778,5.26576936131,-0.0742305606588,0.245326926905,0.0,490.9092590464135,491.0392806127935,490.9015348835469,491.5594183515537
4.799999999999986,-6.81788693573,-3.53279850551,27.7961615505,6.22135310963,0.395468450689,0.0,-5.63711781308,-1.73650418741,5.2230469163,-0.0702833250924,0.267382284992,0.0,451.6788377751027,453.51726439750536,453.2023579099868,453.51559016769073
4.859999999999984,-7.16188636232,-3.63786173213,28.1045155055,6.21688459128,0.411223924553,0.0,-5.83072308733,-1.76585697587,5.05499768032,-0.0845498673018,0.250720679441,0.0,411.47689367475385,410.0741166653902,412.9835989314284,411.71799693102844
4.919999999999983,-7.5178113164,-3.74475162116,28.4028609844,6.21194066162,0.426029373844,0.0,-6.03458076883,-1.79743072883,4.8893596197,-0.0784132155332,0.237362980115,0.0,414.1201104768155,413.00889866135753,413.3032259754978,413.8378134409916
4.979999999999982,-7.88763177491,-3.85381958207,28.6943013032,6.20716576068,0.440421591916,0.0,-6.2937981871,-1.83845692999,4.82404161492,-0.0820258952979,0.244456012385,0.0,450.7893174749286,451.4187014042409,450.66130400505483,450.36412640368167
5.0399999999999805,-8.27335736247,-3.96543063843,28.9818600536,6.20250815604,0.455153757975,0.0,-6.56474611137,-1.88218985558,4.75983711547,-0.0700320225193,0.247609025556,0.0,453.9178232264213,454.22976311226466,453.9358593698026,454.8928655021094
